{
 "cells": [
  {
   "cell_type": "code",
   "execution_count": 1,
   "id": "0c94f021",
   "metadata": {},
   "outputs": [],
   "source": [
    "#Import Necessary Libraries\n",
    "import pandas as pd\n",
    "import numpy as np\n",
    "import tensorflow\n",
    "from sklearn.metrics import accuracy_score , confusion_matrix\n",
    "from sklearn.model_selection import train_test_split , cross_val_score\n",
    "#Create your first NLP in keras\n",
    "from keras.models import Sequential\n",
    "from keras.layers import Dense\n",
    "from matplotlib import pyplot as plt"
   ]
  },
  {
   "cell_type": "code",
   "execution_count": 2,
   "id": "b335248d",
   "metadata": {},
   "outputs": [
    {
     "data": {
      "text/html": [
       "<div>\n",
       "<style scoped>\n",
       "    .dataframe tbody tr th:only-of-type {\n",
       "        vertical-align: middle;\n",
       "    }\n",
       "\n",
       "    .dataframe tbody tr th {\n",
       "        vertical-align: top;\n",
       "    }\n",
       "\n",
       "    .dataframe thead th {\n",
       "        text-align: right;\n",
       "    }\n",
       "</style>\n",
       "<table border=\"1\" class=\"dataframe\">\n",
       "  <thead>\n",
       "    <tr style=\"text-align: right;\">\n",
       "      <th></th>\n",
       "      <th>AT</th>\n",
       "      <th>AP</th>\n",
       "      <th>AH</th>\n",
       "      <th>AFDP</th>\n",
       "      <th>GTEP</th>\n",
       "      <th>TIT</th>\n",
       "      <th>TAT</th>\n",
       "      <th>TEY</th>\n",
       "      <th>CDP</th>\n",
       "      <th>CO</th>\n",
       "      <th>NOX</th>\n",
       "    </tr>\n",
       "  </thead>\n",
       "  <tbody>\n",
       "    <tr>\n",
       "      <th>0</th>\n",
       "      <td>6.8594</td>\n",
       "      <td>1007.9</td>\n",
       "      <td>96.799</td>\n",
       "      <td>3.5000</td>\n",
       "      <td>19.663</td>\n",
       "      <td>1059.2</td>\n",
       "      <td>550.00</td>\n",
       "      <td>114.70</td>\n",
       "      <td>10.605</td>\n",
       "      <td>3.1547</td>\n",
       "      <td>82.722</td>\n",
       "    </tr>\n",
       "    <tr>\n",
       "      <th>1</th>\n",
       "      <td>6.7850</td>\n",
       "      <td>1008.4</td>\n",
       "      <td>97.118</td>\n",
       "      <td>3.4998</td>\n",
       "      <td>19.728</td>\n",
       "      <td>1059.3</td>\n",
       "      <td>550.00</td>\n",
       "      <td>114.72</td>\n",
       "      <td>10.598</td>\n",
       "      <td>3.2363</td>\n",
       "      <td>82.776</td>\n",
       "    </tr>\n",
       "    <tr>\n",
       "      <th>2</th>\n",
       "      <td>6.8977</td>\n",
       "      <td>1008.8</td>\n",
       "      <td>95.939</td>\n",
       "      <td>3.4824</td>\n",
       "      <td>19.779</td>\n",
       "      <td>1059.4</td>\n",
       "      <td>549.87</td>\n",
       "      <td>114.71</td>\n",
       "      <td>10.601</td>\n",
       "      <td>3.2012</td>\n",
       "      <td>82.468</td>\n",
       "    </tr>\n",
       "    <tr>\n",
       "      <th>3</th>\n",
       "      <td>7.0569</td>\n",
       "      <td>1009.2</td>\n",
       "      <td>95.249</td>\n",
       "      <td>3.4805</td>\n",
       "      <td>19.792</td>\n",
       "      <td>1059.6</td>\n",
       "      <td>549.99</td>\n",
       "      <td>114.72</td>\n",
       "      <td>10.606</td>\n",
       "      <td>3.1923</td>\n",
       "      <td>82.670</td>\n",
       "    </tr>\n",
       "    <tr>\n",
       "      <th>4</th>\n",
       "      <td>7.3978</td>\n",
       "      <td>1009.7</td>\n",
       "      <td>95.150</td>\n",
       "      <td>3.4976</td>\n",
       "      <td>19.765</td>\n",
       "      <td>1059.7</td>\n",
       "      <td>549.98</td>\n",
       "      <td>114.72</td>\n",
       "      <td>10.612</td>\n",
       "      <td>3.2484</td>\n",
       "      <td>82.311</td>\n",
       "    </tr>\n",
       "    <tr>\n",
       "      <th>...</th>\n",
       "      <td>...</td>\n",
       "      <td>...</td>\n",
       "      <td>...</td>\n",
       "      <td>...</td>\n",
       "      <td>...</td>\n",
       "      <td>...</td>\n",
       "      <td>...</td>\n",
       "      <td>...</td>\n",
       "      <td>...</td>\n",
       "      <td>...</td>\n",
       "      <td>...</td>\n",
       "    </tr>\n",
       "    <tr>\n",
       "      <th>15034</th>\n",
       "      <td>9.0301</td>\n",
       "      <td>1005.6</td>\n",
       "      <td>98.460</td>\n",
       "      <td>3.5421</td>\n",
       "      <td>19.164</td>\n",
       "      <td>1049.7</td>\n",
       "      <td>546.21</td>\n",
       "      <td>111.61</td>\n",
       "      <td>10.400</td>\n",
       "      <td>4.5186</td>\n",
       "      <td>79.559</td>\n",
       "    </tr>\n",
       "    <tr>\n",
       "      <th>15035</th>\n",
       "      <td>7.8879</td>\n",
       "      <td>1005.9</td>\n",
       "      <td>99.093</td>\n",
       "      <td>3.5059</td>\n",
       "      <td>19.414</td>\n",
       "      <td>1046.3</td>\n",
       "      <td>543.22</td>\n",
       "      <td>111.78</td>\n",
       "      <td>10.433</td>\n",
       "      <td>4.8470</td>\n",
       "      <td>79.917</td>\n",
       "    </tr>\n",
       "    <tr>\n",
       "      <th>15036</th>\n",
       "      <td>7.2647</td>\n",
       "      <td>1006.3</td>\n",
       "      <td>99.496</td>\n",
       "      <td>3.4770</td>\n",
       "      <td>19.530</td>\n",
       "      <td>1037.7</td>\n",
       "      <td>537.32</td>\n",
       "      <td>110.19</td>\n",
       "      <td>10.483</td>\n",
       "      <td>7.9632</td>\n",
       "      <td>90.912</td>\n",
       "    </tr>\n",
       "    <tr>\n",
       "      <th>15037</th>\n",
       "      <td>7.0060</td>\n",
       "      <td>1006.8</td>\n",
       "      <td>99.008</td>\n",
       "      <td>3.4486</td>\n",
       "      <td>19.377</td>\n",
       "      <td>1043.2</td>\n",
       "      <td>541.24</td>\n",
       "      <td>110.74</td>\n",
       "      <td>10.533</td>\n",
       "      <td>6.2494</td>\n",
       "      <td>93.227</td>\n",
       "    </tr>\n",
       "    <tr>\n",
       "      <th>15038</th>\n",
       "      <td>6.9279</td>\n",
       "      <td>1007.2</td>\n",
       "      <td>97.533</td>\n",
       "      <td>3.4275</td>\n",
       "      <td>19.306</td>\n",
       "      <td>1049.9</td>\n",
       "      <td>545.85</td>\n",
       "      <td>111.58</td>\n",
       "      <td>10.583</td>\n",
       "      <td>4.9816</td>\n",
       "      <td>92.498</td>\n",
       "    </tr>\n",
       "  </tbody>\n",
       "</table>\n",
       "<p>15039 rows × 11 columns</p>\n",
       "</div>"
      ],
      "text/plain": [
       "           AT      AP      AH    AFDP    GTEP     TIT     TAT     TEY     CDP  \\\n",
       "0      6.8594  1007.9  96.799  3.5000  19.663  1059.2  550.00  114.70  10.605   \n",
       "1      6.7850  1008.4  97.118  3.4998  19.728  1059.3  550.00  114.72  10.598   \n",
       "2      6.8977  1008.8  95.939  3.4824  19.779  1059.4  549.87  114.71  10.601   \n",
       "3      7.0569  1009.2  95.249  3.4805  19.792  1059.6  549.99  114.72  10.606   \n",
       "4      7.3978  1009.7  95.150  3.4976  19.765  1059.7  549.98  114.72  10.612   \n",
       "...       ...     ...     ...     ...     ...     ...     ...     ...     ...   \n",
       "15034  9.0301  1005.6  98.460  3.5421  19.164  1049.7  546.21  111.61  10.400   \n",
       "15035  7.8879  1005.9  99.093  3.5059  19.414  1046.3  543.22  111.78  10.433   \n",
       "15036  7.2647  1006.3  99.496  3.4770  19.530  1037.7  537.32  110.19  10.483   \n",
       "15037  7.0060  1006.8  99.008  3.4486  19.377  1043.2  541.24  110.74  10.533   \n",
       "15038  6.9279  1007.2  97.533  3.4275  19.306  1049.9  545.85  111.58  10.583   \n",
       "\n",
       "           CO     NOX  \n",
       "0      3.1547  82.722  \n",
       "1      3.2363  82.776  \n",
       "2      3.2012  82.468  \n",
       "3      3.1923  82.670  \n",
       "4      3.2484  82.311  \n",
       "...       ...     ...  \n",
       "15034  4.5186  79.559  \n",
       "15035  4.8470  79.917  \n",
       "15036  7.9632  90.912  \n",
       "15037  6.2494  93.227  \n",
       "15038  4.9816  92.498  \n",
       "\n",
       "[15039 rows x 11 columns]"
      ]
     },
     "execution_count": 2,
     "metadata": {},
     "output_type": "execute_result"
    }
   ],
   "source": [
    "data = pd.read_csv('gas_turbines.csv')\n",
    "data"
   ]
  },
  {
   "cell_type": "code",
   "execution_count": 3,
   "id": "1a5c64db",
   "metadata": {},
   "outputs": [
    {
     "data": {
      "text/plain": [
       "AT      0\n",
       "AP      0\n",
       "AH      0\n",
       "AFDP    0\n",
       "GTEP    0\n",
       "TIT     0\n",
       "TAT     0\n",
       "TEY     0\n",
       "CDP     0\n",
       "CO      0\n",
       "NOX     0\n",
       "dtype: int64"
      ]
     },
     "execution_count": 3,
     "metadata": {},
     "output_type": "execute_result"
    }
   ],
   "source": [
    "data.isna().sum()"
   ]
  },
  {
   "cell_type": "code",
   "execution_count": 4,
   "id": "3b7172ba",
   "metadata": {},
   "outputs": [
    {
     "name": "stdout",
     "output_type": "stream",
     "text": [
      "<class 'pandas.core.frame.DataFrame'>\n",
      "RangeIndex: 15039 entries, 0 to 15038\n",
      "Data columns (total 11 columns):\n",
      " #   Column  Non-Null Count  Dtype  \n",
      "---  ------  --------------  -----  \n",
      " 0   AT      15039 non-null  float64\n",
      " 1   AP      15039 non-null  float64\n",
      " 2   AH      15039 non-null  float64\n",
      " 3   AFDP    15039 non-null  float64\n",
      " 4   GTEP    15039 non-null  float64\n",
      " 5   TIT     15039 non-null  float64\n",
      " 6   TAT     15039 non-null  float64\n",
      " 7   TEY     15039 non-null  float64\n",
      " 8   CDP     15039 non-null  float64\n",
      " 9   CO      15039 non-null  float64\n",
      " 10  NOX     15039 non-null  float64\n",
      "dtypes: float64(11)\n",
      "memory usage: 1.3 MB\n"
     ]
    }
   ],
   "source": [
    "data.info()"
   ]
  },
  {
   "cell_type": "code",
   "execution_count": 5,
   "id": "9e63fd17",
   "metadata": {},
   "outputs": [
    {
     "data": {
      "text/html": [
       "<div>\n",
       "<style scoped>\n",
       "    .dataframe tbody tr th:only-of-type {\n",
       "        vertical-align: middle;\n",
       "    }\n",
       "\n",
       "    .dataframe tbody tr th {\n",
       "        vertical-align: top;\n",
       "    }\n",
       "\n",
       "    .dataframe thead th {\n",
       "        text-align: right;\n",
       "    }\n",
       "</style>\n",
       "<table border=\"1\" class=\"dataframe\">\n",
       "  <thead>\n",
       "    <tr style=\"text-align: right;\">\n",
       "      <th></th>\n",
       "      <th>count</th>\n",
       "      <th>mean</th>\n",
       "      <th>std</th>\n",
       "      <th>min</th>\n",
       "      <th>25%</th>\n",
       "      <th>50%</th>\n",
       "      <th>75%</th>\n",
       "      <th>max</th>\n",
       "    </tr>\n",
       "  </thead>\n",
       "  <tbody>\n",
       "    <tr>\n",
       "      <th>AT</th>\n",
       "      <td>15039.0</td>\n",
       "      <td>17.764381</td>\n",
       "      <td>7.574323</td>\n",
       "      <td>0.522300</td>\n",
       "      <td>11.408000</td>\n",
       "      <td>18.1860</td>\n",
       "      <td>23.8625</td>\n",
       "      <td>34.9290</td>\n",
       "    </tr>\n",
       "    <tr>\n",
       "      <th>AP</th>\n",
       "      <td>15039.0</td>\n",
       "      <td>1013.199240</td>\n",
       "      <td>6.410760</td>\n",
       "      <td>985.850000</td>\n",
       "      <td>1008.900000</td>\n",
       "      <td>1012.8000</td>\n",
       "      <td>1016.9000</td>\n",
       "      <td>1034.2000</td>\n",
       "    </tr>\n",
       "    <tr>\n",
       "      <th>AH</th>\n",
       "      <td>15039.0</td>\n",
       "      <td>79.124174</td>\n",
       "      <td>13.793439</td>\n",
       "      <td>30.344000</td>\n",
       "      <td>69.750000</td>\n",
       "      <td>82.2660</td>\n",
       "      <td>90.0435</td>\n",
       "      <td>100.2000</td>\n",
       "    </tr>\n",
       "    <tr>\n",
       "      <th>AFDP</th>\n",
       "      <td>15039.0</td>\n",
       "      <td>4.200294</td>\n",
       "      <td>0.760197</td>\n",
       "      <td>2.087400</td>\n",
       "      <td>3.723900</td>\n",
       "      <td>4.1862</td>\n",
       "      <td>4.5509</td>\n",
       "      <td>7.6106</td>\n",
       "    </tr>\n",
       "    <tr>\n",
       "      <th>GTEP</th>\n",
       "      <td>15039.0</td>\n",
       "      <td>25.419061</td>\n",
       "      <td>4.173916</td>\n",
       "      <td>17.878000</td>\n",
       "      <td>23.294000</td>\n",
       "      <td>25.0820</td>\n",
       "      <td>27.1840</td>\n",
       "      <td>37.4020</td>\n",
       "    </tr>\n",
       "    <tr>\n",
       "      <th>TIT</th>\n",
       "      <td>15039.0</td>\n",
       "      <td>1083.798770</td>\n",
       "      <td>16.527806</td>\n",
       "      <td>1000.800000</td>\n",
       "      <td>1079.600000</td>\n",
       "      <td>1088.7000</td>\n",
       "      <td>1096.0000</td>\n",
       "      <td>1100.8000</td>\n",
       "    </tr>\n",
       "    <tr>\n",
       "      <th>TAT</th>\n",
       "      <td>15039.0</td>\n",
       "      <td>545.396183</td>\n",
       "      <td>7.866803</td>\n",
       "      <td>512.450000</td>\n",
       "      <td>542.170000</td>\n",
       "      <td>549.8900</td>\n",
       "      <td>550.0600</td>\n",
       "      <td>550.6100</td>\n",
       "    </tr>\n",
       "    <tr>\n",
       "      <th>TEY</th>\n",
       "      <td>15039.0</td>\n",
       "      <td>134.188464</td>\n",
       "      <td>15.829717</td>\n",
       "      <td>100.170000</td>\n",
       "      <td>127.985000</td>\n",
       "      <td>133.7800</td>\n",
       "      <td>140.8950</td>\n",
       "      <td>174.6100</td>\n",
       "    </tr>\n",
       "    <tr>\n",
       "      <th>CDP</th>\n",
       "      <td>15039.0</td>\n",
       "      <td>12.102353</td>\n",
       "      <td>1.103196</td>\n",
       "      <td>9.904400</td>\n",
       "      <td>11.622000</td>\n",
       "      <td>12.0250</td>\n",
       "      <td>12.5780</td>\n",
       "      <td>15.0810</td>\n",
       "    </tr>\n",
       "    <tr>\n",
       "      <th>CO</th>\n",
       "      <td>15039.0</td>\n",
       "      <td>1.972499</td>\n",
       "      <td>2.222206</td>\n",
       "      <td>0.000388</td>\n",
       "      <td>0.858055</td>\n",
       "      <td>1.3902</td>\n",
       "      <td>2.1604</td>\n",
       "      <td>44.1030</td>\n",
       "    </tr>\n",
       "    <tr>\n",
       "      <th>NOX</th>\n",
       "      <td>15039.0</td>\n",
       "      <td>68.190934</td>\n",
       "      <td>10.470586</td>\n",
       "      <td>27.765000</td>\n",
       "      <td>61.303500</td>\n",
       "      <td>66.6010</td>\n",
       "      <td>73.9355</td>\n",
       "      <td>119.8900</td>\n",
       "    </tr>\n",
       "  </tbody>\n",
       "</table>\n",
       "</div>"
      ],
      "text/plain": [
       "        count         mean        std          min          25%        50%  \\\n",
       "AT    15039.0    17.764381   7.574323     0.522300    11.408000    18.1860   \n",
       "AP    15039.0  1013.199240   6.410760   985.850000  1008.900000  1012.8000   \n",
       "AH    15039.0    79.124174  13.793439    30.344000    69.750000    82.2660   \n",
       "AFDP  15039.0     4.200294   0.760197     2.087400     3.723900     4.1862   \n",
       "GTEP  15039.0    25.419061   4.173916    17.878000    23.294000    25.0820   \n",
       "TIT   15039.0  1083.798770  16.527806  1000.800000  1079.600000  1088.7000   \n",
       "TAT   15039.0   545.396183   7.866803   512.450000   542.170000   549.8900   \n",
       "TEY   15039.0   134.188464  15.829717   100.170000   127.985000   133.7800   \n",
       "CDP   15039.0    12.102353   1.103196     9.904400    11.622000    12.0250   \n",
       "CO    15039.0     1.972499   2.222206     0.000388     0.858055     1.3902   \n",
       "NOX   15039.0    68.190934  10.470586    27.765000    61.303500    66.6010   \n",
       "\n",
       "            75%        max  \n",
       "AT      23.8625    34.9290  \n",
       "AP    1016.9000  1034.2000  \n",
       "AH      90.0435   100.2000  \n",
       "AFDP     4.5509     7.6106  \n",
       "GTEP    27.1840    37.4020  \n",
       "TIT   1096.0000  1100.8000  \n",
       "TAT    550.0600   550.6100  \n",
       "TEY    140.8950   174.6100  \n",
       "CDP     12.5780    15.0810  \n",
       "CO       2.1604    44.1030  \n",
       "NOX     73.9355   119.8900  "
      ]
     },
     "execution_count": 5,
     "metadata": {},
     "output_type": "execute_result"
    }
   ],
   "source": [
    "data.describe().T"
   ]
  },
  {
   "cell_type": "code",
   "execution_count": 6,
   "id": "552ec1c8",
   "metadata": {},
   "outputs": [
    {
     "data": {
      "text/html": [
       "<div>\n",
       "<style scoped>\n",
       "    .dataframe tbody tr th:only-of-type {\n",
       "        vertical-align: middle;\n",
       "    }\n",
       "\n",
       "    .dataframe tbody tr th {\n",
       "        vertical-align: top;\n",
       "    }\n",
       "\n",
       "    .dataframe thead th {\n",
       "        text-align: right;\n",
       "    }\n",
       "</style>\n",
       "<table border=\"1\" class=\"dataframe\">\n",
       "  <thead>\n",
       "    <tr style=\"text-align: right;\">\n",
       "      <th></th>\n",
       "      <th>AT</th>\n",
       "      <th>AP</th>\n",
       "      <th>AH</th>\n",
       "      <th>AFDP</th>\n",
       "      <th>GTEP</th>\n",
       "      <th>TIT</th>\n",
       "      <th>TAT</th>\n",
       "      <th>TEY</th>\n",
       "      <th>CDP</th>\n",
       "      <th>CO</th>\n",
       "      <th>NOX</th>\n",
       "    </tr>\n",
       "  </thead>\n",
       "  <tbody>\n",
       "    <tr>\n",
       "      <th>AT</th>\n",
       "      <td>1.000000</td>\n",
       "      <td>-0.412953</td>\n",
       "      <td>-0.549432</td>\n",
       "      <td>-0.099333</td>\n",
       "      <td>-0.049103</td>\n",
       "      <td>0.093067</td>\n",
       "      <td>0.338569</td>\n",
       "      <td>-0.207495</td>\n",
       "      <td>-0.100705</td>\n",
       "      <td>-0.088588</td>\n",
       "      <td>-0.600006</td>\n",
       "    </tr>\n",
       "    <tr>\n",
       "      <th>AP</th>\n",
       "      <td>-0.412953</td>\n",
       "      <td>1.000000</td>\n",
       "      <td>0.042573</td>\n",
       "      <td>0.040318</td>\n",
       "      <td>0.078575</td>\n",
       "      <td>0.029650</td>\n",
       "      <td>-0.223479</td>\n",
       "      <td>0.146939</td>\n",
       "      <td>0.131198</td>\n",
       "      <td>0.041614</td>\n",
       "      <td>0.256744</td>\n",
       "    </tr>\n",
       "    <tr>\n",
       "      <th>AH</th>\n",
       "      <td>-0.549432</td>\n",
       "      <td>0.042573</td>\n",
       "      <td>1.000000</td>\n",
       "      <td>-0.119249</td>\n",
       "      <td>-0.202784</td>\n",
       "      <td>-0.247781</td>\n",
       "      <td>0.010859</td>\n",
       "      <td>-0.110272</td>\n",
       "      <td>-0.182010</td>\n",
       "      <td>0.165505</td>\n",
       "      <td>0.143061</td>\n",
       "    </tr>\n",
       "    <tr>\n",
       "      <th>AFDP</th>\n",
       "      <td>-0.099333</td>\n",
       "      <td>0.040318</td>\n",
       "      <td>-0.119249</td>\n",
       "      <td>1.000000</td>\n",
       "      <td>0.744251</td>\n",
       "      <td>0.627254</td>\n",
       "      <td>-0.571541</td>\n",
       "      <td>0.717995</td>\n",
       "      <td>0.727152</td>\n",
       "      <td>-0.334207</td>\n",
       "      <td>-0.037299</td>\n",
       "    </tr>\n",
       "    <tr>\n",
       "      <th>GTEP</th>\n",
       "      <td>-0.049103</td>\n",
       "      <td>0.078575</td>\n",
       "      <td>-0.202784</td>\n",
       "      <td>0.744251</td>\n",
       "      <td>1.000000</td>\n",
       "      <td>0.874526</td>\n",
       "      <td>-0.756884</td>\n",
       "      <td>0.977042</td>\n",
       "      <td>0.993784</td>\n",
       "      <td>-0.508259</td>\n",
       "      <td>-0.208496</td>\n",
       "    </tr>\n",
       "    <tr>\n",
       "      <th>TIT</th>\n",
       "      <td>0.093067</td>\n",
       "      <td>0.029650</td>\n",
       "      <td>-0.247781</td>\n",
       "      <td>0.627254</td>\n",
       "      <td>0.874526</td>\n",
       "      <td>1.000000</td>\n",
       "      <td>-0.357320</td>\n",
       "      <td>0.891587</td>\n",
       "      <td>0.887238</td>\n",
       "      <td>-0.688272</td>\n",
       "      <td>-0.231636</td>\n",
       "    </tr>\n",
       "    <tr>\n",
       "      <th>TAT</th>\n",
       "      <td>0.338569</td>\n",
       "      <td>-0.223479</td>\n",
       "      <td>0.010859</td>\n",
       "      <td>-0.571541</td>\n",
       "      <td>-0.756884</td>\n",
       "      <td>-0.357320</td>\n",
       "      <td>1.000000</td>\n",
       "      <td>-0.720356</td>\n",
       "      <td>-0.744740</td>\n",
       "      <td>0.063404</td>\n",
       "      <td>0.009888</td>\n",
       "    </tr>\n",
       "    <tr>\n",
       "      <th>TEY</th>\n",
       "      <td>-0.207495</td>\n",
       "      <td>0.146939</td>\n",
       "      <td>-0.110272</td>\n",
       "      <td>0.717995</td>\n",
       "      <td>0.977042</td>\n",
       "      <td>0.891587</td>\n",
       "      <td>-0.720356</td>\n",
       "      <td>1.000000</td>\n",
       "      <td>0.988473</td>\n",
       "      <td>-0.541751</td>\n",
       "      <td>-0.102631</td>\n",
       "    </tr>\n",
       "    <tr>\n",
       "      <th>CDP</th>\n",
       "      <td>-0.100705</td>\n",
       "      <td>0.131198</td>\n",
       "      <td>-0.182010</td>\n",
       "      <td>0.727152</td>\n",
       "      <td>0.993784</td>\n",
       "      <td>0.887238</td>\n",
       "      <td>-0.744740</td>\n",
       "      <td>0.988473</td>\n",
       "      <td>1.000000</td>\n",
       "      <td>-0.520783</td>\n",
       "      <td>-0.169103</td>\n",
       "    </tr>\n",
       "    <tr>\n",
       "      <th>CO</th>\n",
       "      <td>-0.088588</td>\n",
       "      <td>0.041614</td>\n",
       "      <td>0.165505</td>\n",
       "      <td>-0.334207</td>\n",
       "      <td>-0.508259</td>\n",
       "      <td>-0.688272</td>\n",
       "      <td>0.063404</td>\n",
       "      <td>-0.541751</td>\n",
       "      <td>-0.520783</td>\n",
       "      <td>1.000000</td>\n",
       "      <td>0.316743</td>\n",
       "    </tr>\n",
       "    <tr>\n",
       "      <th>NOX</th>\n",
       "      <td>-0.600006</td>\n",
       "      <td>0.256744</td>\n",
       "      <td>0.143061</td>\n",
       "      <td>-0.037299</td>\n",
       "      <td>-0.208496</td>\n",
       "      <td>-0.231636</td>\n",
       "      <td>0.009888</td>\n",
       "      <td>-0.102631</td>\n",
       "      <td>-0.169103</td>\n",
       "      <td>0.316743</td>\n",
       "      <td>1.000000</td>\n",
       "    </tr>\n",
       "  </tbody>\n",
       "</table>\n",
       "</div>"
      ],
      "text/plain": [
       "            AT        AP        AH      AFDP      GTEP       TIT       TAT  \\\n",
       "AT    1.000000 -0.412953 -0.549432 -0.099333 -0.049103  0.093067  0.338569   \n",
       "AP   -0.412953  1.000000  0.042573  0.040318  0.078575  0.029650 -0.223479   \n",
       "AH   -0.549432  0.042573  1.000000 -0.119249 -0.202784 -0.247781  0.010859   \n",
       "AFDP -0.099333  0.040318 -0.119249  1.000000  0.744251  0.627254 -0.571541   \n",
       "GTEP -0.049103  0.078575 -0.202784  0.744251  1.000000  0.874526 -0.756884   \n",
       "TIT   0.093067  0.029650 -0.247781  0.627254  0.874526  1.000000 -0.357320   \n",
       "TAT   0.338569 -0.223479  0.010859 -0.571541 -0.756884 -0.357320  1.000000   \n",
       "TEY  -0.207495  0.146939 -0.110272  0.717995  0.977042  0.891587 -0.720356   \n",
       "CDP  -0.100705  0.131198 -0.182010  0.727152  0.993784  0.887238 -0.744740   \n",
       "CO   -0.088588  0.041614  0.165505 -0.334207 -0.508259 -0.688272  0.063404   \n",
       "NOX  -0.600006  0.256744  0.143061 -0.037299 -0.208496 -0.231636  0.009888   \n",
       "\n",
       "           TEY       CDP        CO       NOX  \n",
       "AT   -0.207495 -0.100705 -0.088588 -0.600006  \n",
       "AP    0.146939  0.131198  0.041614  0.256744  \n",
       "AH   -0.110272 -0.182010  0.165505  0.143061  \n",
       "AFDP  0.717995  0.727152 -0.334207 -0.037299  \n",
       "GTEP  0.977042  0.993784 -0.508259 -0.208496  \n",
       "TIT   0.891587  0.887238 -0.688272 -0.231636  \n",
       "TAT  -0.720356 -0.744740  0.063404  0.009888  \n",
       "TEY   1.000000  0.988473 -0.541751 -0.102631  \n",
       "CDP   0.988473  1.000000 -0.520783 -0.169103  \n",
       "CO   -0.541751 -0.520783  1.000000  0.316743  \n",
       "NOX  -0.102631 -0.169103  0.316743  1.000000  "
      ]
     },
     "execution_count": 6,
     "metadata": {},
     "output_type": "execute_result"
    }
   ],
   "source": [
    "data.corr()"
   ]
  },
  {
   "cell_type": "code",
   "execution_count": 7,
   "id": "8af2ee70",
   "metadata": {
    "scrolled": true
   },
   "outputs": [
    {
     "data": {
      "text/html": [
       "<div>\n",
       "<style scoped>\n",
       "    .dataframe tbody tr th:only-of-type {\n",
       "        vertical-align: middle;\n",
       "    }\n",
       "\n",
       "    .dataframe tbody tr th {\n",
       "        vertical-align: top;\n",
       "    }\n",
       "\n",
       "    .dataframe thead th {\n",
       "        text-align: right;\n",
       "    }\n",
       "</style>\n",
       "<table border=\"1\" class=\"dataframe\">\n",
       "  <thead>\n",
       "    <tr style=\"text-align: right;\">\n",
       "      <th></th>\n",
       "      <th>TEY</th>\n",
       "      <th>AT</th>\n",
       "      <th>AP</th>\n",
       "      <th>AH</th>\n",
       "      <th>AFDP</th>\n",
       "      <th>GTEP</th>\n",
       "      <th>TIT</th>\n",
       "      <th>TAT</th>\n",
       "      <th>CDP</th>\n",
       "      <th>CO</th>\n",
       "      <th>NOX</th>\n",
       "    </tr>\n",
       "  </thead>\n",
       "  <tbody>\n",
       "    <tr>\n",
       "      <th>0</th>\n",
       "      <td>114.70</td>\n",
       "      <td>6.8594</td>\n",
       "      <td>1007.9</td>\n",
       "      <td>96.799</td>\n",
       "      <td>3.5000</td>\n",
       "      <td>19.663</td>\n",
       "      <td>1059.2</td>\n",
       "      <td>550.00</td>\n",
       "      <td>10.605</td>\n",
       "      <td>3.1547</td>\n",
       "      <td>82.722</td>\n",
       "    </tr>\n",
       "    <tr>\n",
       "      <th>1</th>\n",
       "      <td>114.72</td>\n",
       "      <td>6.7850</td>\n",
       "      <td>1008.4</td>\n",
       "      <td>97.118</td>\n",
       "      <td>3.4998</td>\n",
       "      <td>19.728</td>\n",
       "      <td>1059.3</td>\n",
       "      <td>550.00</td>\n",
       "      <td>10.598</td>\n",
       "      <td>3.2363</td>\n",
       "      <td>82.776</td>\n",
       "    </tr>\n",
       "    <tr>\n",
       "      <th>2</th>\n",
       "      <td>114.71</td>\n",
       "      <td>6.8977</td>\n",
       "      <td>1008.8</td>\n",
       "      <td>95.939</td>\n",
       "      <td>3.4824</td>\n",
       "      <td>19.779</td>\n",
       "      <td>1059.4</td>\n",
       "      <td>549.87</td>\n",
       "      <td>10.601</td>\n",
       "      <td>3.2012</td>\n",
       "      <td>82.468</td>\n",
       "    </tr>\n",
       "    <tr>\n",
       "      <th>3</th>\n",
       "      <td>114.72</td>\n",
       "      <td>7.0569</td>\n",
       "      <td>1009.2</td>\n",
       "      <td>95.249</td>\n",
       "      <td>3.4805</td>\n",
       "      <td>19.792</td>\n",
       "      <td>1059.6</td>\n",
       "      <td>549.99</td>\n",
       "      <td>10.606</td>\n",
       "      <td>3.1923</td>\n",
       "      <td>82.670</td>\n",
       "    </tr>\n",
       "    <tr>\n",
       "      <th>4</th>\n",
       "      <td>114.72</td>\n",
       "      <td>7.3978</td>\n",
       "      <td>1009.7</td>\n",
       "      <td>95.150</td>\n",
       "      <td>3.4976</td>\n",
       "      <td>19.765</td>\n",
       "      <td>1059.7</td>\n",
       "      <td>549.98</td>\n",
       "      <td>10.612</td>\n",
       "      <td>3.2484</td>\n",
       "      <td>82.311</td>\n",
       "    </tr>\n",
       "    <tr>\n",
       "      <th>5</th>\n",
       "      <td>114.72</td>\n",
       "      <td>7.6998</td>\n",
       "      <td>1010.7</td>\n",
       "      <td>92.708</td>\n",
       "      <td>3.5236</td>\n",
       "      <td>19.683</td>\n",
       "      <td>1059.8</td>\n",
       "      <td>549.97</td>\n",
       "      <td>10.626</td>\n",
       "      <td>3.4467</td>\n",
       "      <td>82.409</td>\n",
       "    </tr>\n",
       "    <tr>\n",
       "      <th>6</th>\n",
       "      <td>114.71</td>\n",
       "      <td>7.7901</td>\n",
       "      <td>1011.6</td>\n",
       "      <td>91.983</td>\n",
       "      <td>3.5298</td>\n",
       "      <td>19.659</td>\n",
       "      <td>1060.0</td>\n",
       "      <td>549.87</td>\n",
       "      <td>10.644</td>\n",
       "      <td>3.4874</td>\n",
       "      <td>82.440</td>\n",
       "    </tr>\n",
       "    <tr>\n",
       "      <th>7</th>\n",
       "      <td>114.71</td>\n",
       "      <td>7.7139</td>\n",
       "      <td>1012.7</td>\n",
       "      <td>91.348</td>\n",
       "      <td>3.5088</td>\n",
       "      <td>19.673</td>\n",
       "      <td>1059.8</td>\n",
       "      <td>549.92</td>\n",
       "      <td>10.656</td>\n",
       "      <td>3.6043</td>\n",
       "      <td>83.010</td>\n",
       "    </tr>\n",
       "    <tr>\n",
       "      <th>8</th>\n",
       "      <td>114.72</td>\n",
       "      <td>7.7975</td>\n",
       "      <td>1013.8</td>\n",
       "      <td>90.196</td>\n",
       "      <td>3.5141</td>\n",
       "      <td>19.634</td>\n",
       "      <td>1060.1</td>\n",
       "      <td>550.09</td>\n",
       "      <td>10.644</td>\n",
       "      <td>3.3943</td>\n",
       "      <td>82.284</td>\n",
       "    </tr>\n",
       "    <tr>\n",
       "      <th>9</th>\n",
       "      <td>131.70</td>\n",
       "      <td>8.0820</td>\n",
       "      <td>1015.0</td>\n",
       "      <td>88.597</td>\n",
       "      <td>4.0612</td>\n",
       "      <td>23.406</td>\n",
       "      <td>1083.0</td>\n",
       "      <td>550.21</td>\n",
       "      <td>11.679</td>\n",
       "      <td>1.9081</td>\n",
       "      <td>82.782</td>\n",
       "    </tr>\n",
       "  </tbody>\n",
       "</table>\n",
       "</div>"
      ],
      "text/plain": [
       "      TEY      AT      AP      AH    AFDP    GTEP     TIT     TAT     CDP  \\\n",
       "0  114.70  6.8594  1007.9  96.799  3.5000  19.663  1059.2  550.00  10.605   \n",
       "1  114.72  6.7850  1008.4  97.118  3.4998  19.728  1059.3  550.00  10.598   \n",
       "2  114.71  6.8977  1008.8  95.939  3.4824  19.779  1059.4  549.87  10.601   \n",
       "3  114.72  7.0569  1009.2  95.249  3.4805  19.792  1059.6  549.99  10.606   \n",
       "4  114.72  7.3978  1009.7  95.150  3.4976  19.765  1059.7  549.98  10.612   \n",
       "5  114.72  7.6998  1010.7  92.708  3.5236  19.683  1059.8  549.97  10.626   \n",
       "6  114.71  7.7901  1011.6  91.983  3.5298  19.659  1060.0  549.87  10.644   \n",
       "7  114.71  7.7139  1012.7  91.348  3.5088  19.673  1059.8  549.92  10.656   \n",
       "8  114.72  7.7975  1013.8  90.196  3.5141  19.634  1060.1  550.09  10.644   \n",
       "9  131.70  8.0820  1015.0  88.597  4.0612  23.406  1083.0  550.21  11.679   \n",
       "\n",
       "       CO     NOX  \n",
       "0  3.1547  82.722  \n",
       "1  3.2363  82.776  \n",
       "2  3.2012  82.468  \n",
       "3  3.1923  82.670  \n",
       "4  3.2484  82.311  \n",
       "5  3.4467  82.409  \n",
       "6  3.4874  82.440  \n",
       "7  3.6043  83.010  \n",
       "8  3.3943  82.284  \n",
       "9  1.9081  82.782  "
      ]
     },
     "execution_count": 7,
     "metadata": {},
     "output_type": "execute_result"
    }
   ],
   "source": [
    "#changing position of target column 'TEY'\n",
    "Target = data['TEY']\n",
    "#Drop the existing column\n",
    "data.drop(labels=['TEY'], axis=1, inplace = True)\n",
    "data.insert(0, 'Y' , Target)\n",
    "\n",
    "data = data.rename({'Y':'TEY'}, axis = 1)\n",
    "\n",
    "data.head(10)"
   ]
  },
  {
   "cell_type": "code",
   "execution_count": 8,
   "id": "71c28eaa",
   "metadata": {},
   "outputs": [
    {
     "data": {
      "text/html": [
       "<div>\n",
       "<style scoped>\n",
       "    .dataframe tbody tr th:only-of-type {\n",
       "        vertical-align: middle;\n",
       "    }\n",
       "\n",
       "    .dataframe tbody tr th {\n",
       "        vertical-align: top;\n",
       "    }\n",
       "\n",
       "    .dataframe thead th {\n",
       "        text-align: right;\n",
       "    }\n",
       "</style>\n",
       "<table border=\"1\" class=\"dataframe\">\n",
       "  <thead>\n",
       "    <tr style=\"text-align: right;\">\n",
       "      <th></th>\n",
       "      <th>TEY</th>\n",
       "      <th>AT</th>\n",
       "      <th>AP</th>\n",
       "      <th>AH</th>\n",
       "      <th>AFDP</th>\n",
       "      <th>GTEP</th>\n",
       "      <th>TIT</th>\n",
       "      <th>TAT</th>\n",
       "      <th>CDP</th>\n",
       "      <th>CO</th>\n",
       "      <th>NOX</th>\n",
       "    </tr>\n",
       "  </thead>\n",
       "  <tbody>\n",
       "    <tr>\n",
       "      <th>TEY</th>\n",
       "      <td>1.000000</td>\n",
       "      <td>-0.207495</td>\n",
       "      <td>0.146939</td>\n",
       "      <td>-0.110272</td>\n",
       "      <td>0.717995</td>\n",
       "      <td>0.977042</td>\n",
       "      <td>0.891587</td>\n",
       "      <td>-0.720356</td>\n",
       "      <td>0.988473</td>\n",
       "      <td>-0.541751</td>\n",
       "      <td>-0.102631</td>\n",
       "    </tr>\n",
       "    <tr>\n",
       "      <th>AT</th>\n",
       "      <td>-0.207495</td>\n",
       "      <td>1.000000</td>\n",
       "      <td>-0.412953</td>\n",
       "      <td>-0.549432</td>\n",
       "      <td>-0.099333</td>\n",
       "      <td>-0.049103</td>\n",
       "      <td>0.093067</td>\n",
       "      <td>0.338569</td>\n",
       "      <td>-0.100705</td>\n",
       "      <td>-0.088588</td>\n",
       "      <td>-0.600006</td>\n",
       "    </tr>\n",
       "    <tr>\n",
       "      <th>AP</th>\n",
       "      <td>0.146939</td>\n",
       "      <td>-0.412953</td>\n",
       "      <td>1.000000</td>\n",
       "      <td>0.042573</td>\n",
       "      <td>0.040318</td>\n",
       "      <td>0.078575</td>\n",
       "      <td>0.029650</td>\n",
       "      <td>-0.223479</td>\n",
       "      <td>0.131198</td>\n",
       "      <td>0.041614</td>\n",
       "      <td>0.256744</td>\n",
       "    </tr>\n",
       "    <tr>\n",
       "      <th>AH</th>\n",
       "      <td>-0.110272</td>\n",
       "      <td>-0.549432</td>\n",
       "      <td>0.042573</td>\n",
       "      <td>1.000000</td>\n",
       "      <td>-0.119249</td>\n",
       "      <td>-0.202784</td>\n",
       "      <td>-0.247781</td>\n",
       "      <td>0.010859</td>\n",
       "      <td>-0.182010</td>\n",
       "      <td>0.165505</td>\n",
       "      <td>0.143061</td>\n",
       "    </tr>\n",
       "    <tr>\n",
       "      <th>AFDP</th>\n",
       "      <td>0.717995</td>\n",
       "      <td>-0.099333</td>\n",
       "      <td>0.040318</td>\n",
       "      <td>-0.119249</td>\n",
       "      <td>1.000000</td>\n",
       "      <td>0.744251</td>\n",
       "      <td>0.627254</td>\n",
       "      <td>-0.571541</td>\n",
       "      <td>0.727152</td>\n",
       "      <td>-0.334207</td>\n",
       "      <td>-0.037299</td>\n",
       "    </tr>\n",
       "    <tr>\n",
       "      <th>GTEP</th>\n",
       "      <td>0.977042</td>\n",
       "      <td>-0.049103</td>\n",
       "      <td>0.078575</td>\n",
       "      <td>-0.202784</td>\n",
       "      <td>0.744251</td>\n",
       "      <td>1.000000</td>\n",
       "      <td>0.874526</td>\n",
       "      <td>-0.756884</td>\n",
       "      <td>0.993784</td>\n",
       "      <td>-0.508259</td>\n",
       "      <td>-0.208496</td>\n",
       "    </tr>\n",
       "    <tr>\n",
       "      <th>TIT</th>\n",
       "      <td>0.891587</td>\n",
       "      <td>0.093067</td>\n",
       "      <td>0.029650</td>\n",
       "      <td>-0.247781</td>\n",
       "      <td>0.627254</td>\n",
       "      <td>0.874526</td>\n",
       "      <td>1.000000</td>\n",
       "      <td>-0.357320</td>\n",
       "      <td>0.887238</td>\n",
       "      <td>-0.688272</td>\n",
       "      <td>-0.231636</td>\n",
       "    </tr>\n",
       "    <tr>\n",
       "      <th>TAT</th>\n",
       "      <td>-0.720356</td>\n",
       "      <td>0.338569</td>\n",
       "      <td>-0.223479</td>\n",
       "      <td>0.010859</td>\n",
       "      <td>-0.571541</td>\n",
       "      <td>-0.756884</td>\n",
       "      <td>-0.357320</td>\n",
       "      <td>1.000000</td>\n",
       "      <td>-0.744740</td>\n",
       "      <td>0.063404</td>\n",
       "      <td>0.009888</td>\n",
       "    </tr>\n",
       "    <tr>\n",
       "      <th>CDP</th>\n",
       "      <td>0.988473</td>\n",
       "      <td>-0.100705</td>\n",
       "      <td>0.131198</td>\n",
       "      <td>-0.182010</td>\n",
       "      <td>0.727152</td>\n",
       "      <td>0.993784</td>\n",
       "      <td>0.887238</td>\n",
       "      <td>-0.744740</td>\n",
       "      <td>1.000000</td>\n",
       "      <td>-0.520783</td>\n",
       "      <td>-0.169103</td>\n",
       "    </tr>\n",
       "    <tr>\n",
       "      <th>CO</th>\n",
       "      <td>-0.541751</td>\n",
       "      <td>-0.088588</td>\n",
       "      <td>0.041614</td>\n",
       "      <td>0.165505</td>\n",
       "      <td>-0.334207</td>\n",
       "      <td>-0.508259</td>\n",
       "      <td>-0.688272</td>\n",
       "      <td>0.063404</td>\n",
       "      <td>-0.520783</td>\n",
       "      <td>1.000000</td>\n",
       "      <td>0.316743</td>\n",
       "    </tr>\n",
       "    <tr>\n",
       "      <th>NOX</th>\n",
       "      <td>-0.102631</td>\n",
       "      <td>-0.600006</td>\n",
       "      <td>0.256744</td>\n",
       "      <td>0.143061</td>\n",
       "      <td>-0.037299</td>\n",
       "      <td>-0.208496</td>\n",
       "      <td>-0.231636</td>\n",
       "      <td>0.009888</td>\n",
       "      <td>-0.169103</td>\n",
       "      <td>0.316743</td>\n",
       "      <td>1.000000</td>\n",
       "    </tr>\n",
       "  </tbody>\n",
       "</table>\n",
       "</div>"
      ],
      "text/plain": [
       "           TEY        AT        AP        AH      AFDP      GTEP       TIT  \\\n",
       "TEY   1.000000 -0.207495  0.146939 -0.110272  0.717995  0.977042  0.891587   \n",
       "AT   -0.207495  1.000000 -0.412953 -0.549432 -0.099333 -0.049103  0.093067   \n",
       "AP    0.146939 -0.412953  1.000000  0.042573  0.040318  0.078575  0.029650   \n",
       "AH   -0.110272 -0.549432  0.042573  1.000000 -0.119249 -0.202784 -0.247781   \n",
       "AFDP  0.717995 -0.099333  0.040318 -0.119249  1.000000  0.744251  0.627254   \n",
       "GTEP  0.977042 -0.049103  0.078575 -0.202784  0.744251  1.000000  0.874526   \n",
